area_id=0003
coordinate_X=0.00024000
coordinate_Y=0.00016000
coordinate_Z=4
lowest_basement_level=20
advertise_dongle_id=0
advertise_interval_in_uints_0625_ms=480
advertise_rssi_value=-50
scan_dongle_id=0
scan_interval_in_uints_0625_ms=480
scan_window_in_uints_0625_ms=320
scan_rssi_coverage=-100
scan_mac_address_prefix=1,C1:;05C6;,
scan_device_name_prefix=3,120941535553205669766F5761746368204250;0000;,080954303520;0000;,050942546167;05C7;,
gateway_addr=140.109.22.89 
gateway_port=8888
local_client_port=9999
