area_id=0004
coordinate_X=0.00005000
coordinate_Y=0.00001621
coordinate_Z=1
lowest_basement_level=20
advertise_dongle_id=0
advertise_interval_in_uints_0625_ms=480
advertise_rssi_value=-50
scan_dongle_id=0
scan_interval_in_uints_0625_ms=480
scan_window_in_uints_0625_ms=320
scan_rssi_coverage=-100
scan_mac_address_prefix=1,C1:;05C6;,
scan_device_name_prefix=4,120941535553205669766F5761746368205350;4153;1;1;,080954303520;0000;1;1,050942546167;05C7;0;0;,080948303520;0000;1;1;,
gateway_addr=192.168.1.104
gateway_port=8888
local_client_port=9999
